00000001111000000000000000000000
00000001111000000000000000000000
00000001111000000000000000000000
00010101111000000000100000000000
00010101111000010000100000000001
00010101111000100000100000000010
00010101111000110000100000000011
00010000000000010010001010110010
00010000010000110010101010100000
00010000100001010011001010100010
00011001111001100000101111111111
00010101111010000000101111111111
00000001111000000000000000000000
00000001111000000000000000000000
00000001111000000000000000000000
00010101111000000000100000000000
00010101111000010000100000000001
00010101111000100000100000000010
00010101111000110000100000000011
00000001111000000000000000000000
00000001111000000000000000000000
00000001111000000000000000000000
00010000000000010010001010110010
00010000010000110010101010100000
00000001111000000000000000000000
00000001111000000000000000000000
00000001111000000000000000000000
00010000100001010011001010100010
00000001111000000000000000000000
00000001111000000000000000000000
00000001111000000000000000000000
00011001111001100000101111111111
00000001111000000000000000000000
00010101111010000000101111111111
00000001111000000000000000000000
00000001111000000000000000000000
00000001111000000000000000000000
00000001111000000000000000000000
00000001111000000000000000000000

